0 0.390872 0.387769 0.014104 0.015797
0 0.480010 0.362946 0.071649 0.091019
0 0.546581 0.283963 0.058109 0.086505
0 0.605536 0.330224 0.016925 0.019558
0 0.596510 0.602151 0.073341 0.097036
0 0.561532 0.684143 0.015797 0.020310
0 0.493550 0.639762 0.119039 0.143674
0 0.384948 0.471265 0.015797 0.021814
0 0.358432 0.604032 0.013540 0.016549
0 0.447570 0.434406 0.007898 0.012788
0 0.569148 0.475026 0.006206 0.008274
0 0.629795 0.499473 0.020310 0.031593
0 0.670979 0.490823 0.019182 0.027832
0 0.664774 0.565669 0.012412 0.015044
0 0.486216 0.523544 0.063751 0.084249
0 0.438826 0.488942 0.072777 0.102302
1 0.543196 0.454633 0.006206 0.008442