1 0.522634 0.431458 0.006138 0.008696
1 0.478133 0.576215 0.006905 0.007673
0 0.355946 0.426087 0.021100 0.025575
0 0.312596 0.443734 0.055627 0.073146
0 0.330051 0.516624 0.079028 0.098210
0 0.386253 0.513043 0.016496 0.023529
0 0.368223 0.580307 0.036445 0.052685
0 0.416560 0.573146 0.028005 0.046547
0 0.445908 0.568031 0.023785 0.034271
0 0.500000 0.451151 0.095908 0.121739
0 0.481777 0.376982 0.016496 0.022506
0 0.412532 0.392583 0.081330 0.119182
0 0.427110 0.438107 0.021483 0.023018
0 0.566368 0.332737 0.027621 0.037340
0 0.507673 0.548593 0.011509 0.014834
0 0.566368 0.674425 0.009207 0.012788
0 0.537020 0.632737 0.066368 0.101279
0 0.472570 0.635806 0.053325 0.114578
0 0.440345 0.609974 0.044118 0.069054
0 0.485806 0.223785 0.023018 0.028133
0 0.529348 0.229923 0.019565 0.027110
0 0.509591 0.292327 0.082864 0.113043
0 0.613171 0.307161 0.075192 0.109974