0 0.499284 0.451205 0.046847 0.069077
0 0.463459 0.473618 0.014881 0.021311
0 0.531250 0.475823 0.012676 0.018372
0 0.545580 0.417769 0.014881 0.018372
0 0.529321 0.383598 0.013228 0.020576
0 0.496803 0.340976 0.015432 0.019106
0 0.523258 0.309009 0.014330 0.018372
0 0.448302 0.313786 0.030864 0.030864
0 0.419918 0.315623 0.015983 0.024250
0 0.401179 0.324442 0.019290 0.028660
0 0.382716 0.347590 0.022046 0.027925
0 0.400628 0.409318 0.017086 0.022046
0 0.388228 0.432834 0.016534 0.019106
0 0.377205 0.421811 0.013228 0.020576
0 0.338624 0.396458 0.024250 0.033069
0 0.358741 0.479130 0.051257 0.080835
0 0.390432 0.514403 0.026455 0.044092
0 0.376929 0.533510 0.009369 0.011758
0 0.367284 0.563639 0.020944 0.024985
0 0.417438 0.541961 0.013228 0.018372
0 0.418265 0.491255 0.014881 0.015432
0 0.432595 0.482437 0.018188 0.031599
0 0.565421 0.415197 0.012676 0.022046
0 0.584711 0.418871 0.012676 0.011758
0 0.608410 0.399030 0.015983 0.022046
0 0.580853 0.388007 0.014881 0.026455
0 0.570106 0.309009 0.029762 0.037478
0 0.546958 0.293945 0.014330 0.023516
0 0.626874 0.448266 0.014330 0.023516
0 0.642857 0.405644 0.014330 0.020576
0 0.675926 0.512934 0.027557 0.035273
0 0.675099 0.545635 0.011574 0.015432
0 0.635417 0.536082 0.017086 0.025720
0 0.608135 0.505218 0.016534 0.021311
0 0.580578 0.524324 0.012125 0.015432
0 0.546682 0.519547 0.039131 0.045561
0 0.497355 0.598178 0.012125 0.016167
0 0.481647 0.577234 0.011574 0.011023
0 0.483851 0.638595 0.015983 0.019106
0 0.461254 0.661743 0.010472 0.015432
0 0.550540 0.715755 0.015983 0.023516
0 0.532628 0.740373 0.019841 0.025720
0 0.633763 0.661376 0.039131 0.048501
0 0.632661 0.596340 0.020392 0.025720
0 0.616127 0.559965 0.024802 0.029394
0 0.597112 0.573560 0.011023 0.015432
0 0.572310 0.633083 0.033069 0.040417
0 0.583884 0.663580 0.030864 0.048501
0 0.529321 0.661008 0.066138 0.096267
0 0.474758 0.705467 0.016534 0.020576
0 0.428186 0.701793 0.018188 0.019106
0 0.429012 0.637860 0.029762 0.032334
0 0.402282 0.634553 0.019290 0.021311
0 0.471726 0.277043 0.054563 0.074956
0 0.457672 0.362287 0.063933 0.083774