0 0.425265 0.401675 0.018519 0.018519
0 0.523148 0.303351 0.026455 0.042328
0 0.569775 0.332892 0.021825 0.027337
0 0.468585 0.328042 0.069444 0.102293
0 0.488095 0.370811 0.009259 0.009700
0 0.494378 0.358025 0.012566 0.019400
0 0.532077 0.432540 0.049603 0.074956
0 0.499339 0.431658 0.010582 0.022046
0 0.474537 0.477072 0.072090 0.095238
0 0.460979 0.589065 0.075397 0.091711
0 0.487765 0.626543 0.017857 0.029101
0 0.425595 0.523369 0.052249 0.090829
0 0.413360 0.362434 0.027778 0.042328
1 0.415675 0.286596 0.012566 0.017637
0 0.324405 0.416667 0.037698 0.060847
0 0.621362 0.452822 0.049603 0.071429
0 0.551257 0.478836 0.009921 0.014109
0 0.553241 0.515432 0.020503 0.025573
0 0.607804 0.545414 0.017196 0.025573
0 0.615079 0.579806 0.015873 0.014991
0 0.591601 0.637125 0.035053 0.034392
0 0.450066 0.693122 0.025794 0.035273
0 0.474868 0.730159 0.026455 0.033510
0 0.393188 0.591711 0.016534 0.019400
0 0.375661 0.644621 0.019841 0.022928
1 0.350198 0.630071 0.016534 0.018519
0 0.408730 0.470018 0.013228 0.021164