0 0.541910 0.391720 0.047341 0.066834
0 0.613617 0.464123 0.058480 0.081686
0 0.600042 0.501253 0.011835 0.018565
0 0.651211 0.470157 0.032025 0.043628
0 0.573587 0.287756 0.035505 0.040843
0 0.549220 0.273833 0.017405 0.025991
0 0.469159 0.379653 0.045252 0.068690
0 0.507449 0.445094 0.049429 0.078901
0 0.438875 0.455305 0.036202 0.045484
0 0.448273 0.413534 0.025759 0.032489
0 0.377611 0.378260 0.041771 0.060336
0 0.388402 0.321637 0.052214 0.097466
0 0.428084 0.330920 0.031328 0.054767
0 0.326789 0.338346 0.065441 0.106748
0 0.319827 0.539311 0.071011 0.105820
0 0.360554 0.591757 0.046644 0.060336
0 0.365427 0.636313 0.046644 0.054767
0 0.416597 0.517962 0.025063 0.022278
0 0.470551 0.544881 0.054999 0.072403
0 0.524158 0.589437 0.032721 0.040843
0 0.494918 0.618676 0.035505 0.041771
0 0.498747 0.670658 0.038986 0.045484
0 0.609092 0.599647 0.046644 0.068690
0 0.498051 0.234382 0.026455 0.051054