0 0.516881 0.464433 0.022676 0.041992
0 0.491056 0.438818 0.025195 0.034434
0 0.452003 0.456874 0.030234 0.043672
0 0.356891 0.463593 0.017637 0.026875
0 0.345553 0.467792 0.008818 0.021836
0 0.331696 0.470732 0.021416 0.029394
0 0.317208 0.489208 0.016377 0.029394
0 0.307760 0.523642 0.018896 0.026035
0 0.329806 0.515243 0.026455 0.034434
0 0.474049 0.705047 0.049131 0.066348
0 0.322562 0.403124 0.061099 0.104140
0 0.305556 0.429579 0.028345 0.049551
0 0.368229 0.306962 0.016377 0.027715
0 0.384291 0.388427 0.017007 0.029394
0 0.364449 0.419501 0.042832 0.068027
0 0.411691 0.443857 0.040312 0.047871
0 0.389330 0.501386 0.044722 0.089023
0 0.359095 0.487948 0.018267 0.021836
0 0.344293 0.572772 0.070547 0.072226
0 0.341459 0.622743 0.035903 0.034434
0 0.373898 0.623163 0.017637 0.040312
0 0.346498 0.650038 0.029604 0.038633
0 0.403187 0.556395 0.015747 0.020996
0 0.436886 0.520702 0.047871 0.063828
0 0.460506 0.486269 0.027085 0.030234
0 0.501134 0.334257 0.066767 0.095742
0 0.478143 0.361552 0.019526 0.029394
0 0.442870 0.283447 0.025825 0.032754
0 0.411376 0.257832 0.028345 0.036953
0 0.520030 0.251113 0.117158 0.137734
0 0.584908 0.325019 0.037793 0.048711
0 0.563492 0.353574 0.040312 0.048711
0 0.566012 0.409423 0.025195 0.027715
0 0.618922 0.484589 0.044092 0.078945
0 0.657974 0.448476 0.051650 0.067187
0 0.448539 0.608886 0.054800 0.083984
0 0.421454 0.639120 0.027085 0.048711
0 0.398148 0.613085 0.034643 0.073906
0 0.401612 0.673133 0.025195 0.022676
0 0.428068 0.673133 0.017637 0.022676
0 0.420509 0.724784 0.064248 0.092383
0 0.520660 0.676073 0.025195 0.036953
0 0.543966 0.663055 0.015117 0.024355
0 0.534832 0.626942 0.029604 0.036113
0 0.567586 0.605526 0.023306 0.040312
0 0.591837 0.603007 0.025195 0.040312
0 0.588687 0.640800 0.035273 0.036953
0 0.509322 0.503065 0.016377 0.018477
0 0.542076 0.424540 0.027715 0.036113
0 0.578294 0.505585 0.027085 0.025195
0 0.574515 0.532460 0.030864 0.031914
0 0.644432 0.547577 0.051020 0.070547
0 0.612623 0.545058 0.017637 0.026875
0 0.513731 0.550936 0.045351 0.058789
0 0.508062 0.646678 0.026455 0.033594
0 0.577664 0.671454 0.039683 0.052910
0 0.410431 0.362392 0.109599 0.160410
0 0.346813 0.329638 0.026455 0.039473
0 0.558768 0.463593 0.072436 0.097422
0 0.626795 0.351894 0.028345 0.038633
0 0.641282 0.382548 0.037163 0.031074
0 0.608844 0.403544 0.042832 0.069707
0 0.492315 0.483749 0.025195 0.035273