0 0.399471 0.380144 0.035748 0.049988
0 0.413639 0.419089 0.023977 0.034876
0 0.331682 0.431586 0.056237 0.086608
0 0.325578 0.529237 0.045774 0.071495
0 0.379636 0.509765 0.029208 0.043013
0 0.397945 0.267670 0.030952 0.041269
0 0.606545 0.291211 0.035748 0.053476
0 0.616790 0.399326 0.048390 0.066264
0 0.563386 0.396129 0.051442 0.058707
0 0.555539 0.437398 0.043595 0.047082
0 0.531780 0.499884 0.036183 0.051151
0 0.459414 0.514125 0.033568 0.042432
0 0.481429 0.586782 0.022669 0.033132
0 0.579952 0.501628 0.032260 0.037201
0 0.598044 0.465589 0.037055 0.060451
0 0.635971 0.456580 0.023977 0.035457
0 0.639895 0.555975 0.043159 0.061032
0 0.579298 0.580388 0.059724 0.084283
0 0.603493 0.607998 0.022669 0.039526
0 0.559463 0.631249 0.024413 0.032551
0 0.396201 0.582423 0.010899 0.018600
0 0.500610 0.673099 0.031388 0.038363