1 0.410625 0.611667 0.006250 0.010000
0 0.469625 0.234500 0.038750 0.053000
0 0.535500 0.295333 0.053000 0.085333
0 0.601500 0.339167 0.047500 0.060333
0 0.542625 0.383833 0.067250 0.079000
0 0.500500 0.336500 0.018000 0.038333
0 0.484375 0.294500 0.042750 0.064333
0 0.434125 0.338667 0.012250 0.020000
0 0.346875 0.324500 0.031250 0.043667
0 0.319250 0.386500 0.071500 0.114333
0 0.350250 0.442333 0.042500 0.050667
0 0.395250 0.386667 0.021000 0.024000
0 0.400875 0.421833 0.033250 0.051000
0 0.450250 0.381667 0.071000 0.092000
0 0.447125 0.456167 0.029750 0.043000
0 0.388375 0.495167 0.070750 0.090333
0 0.333375 0.510000 0.013750 0.028000
0 0.450875 0.600667 0.021250 0.047333
0 0.429375 0.580833 0.019750 0.043000
0 0.408000 0.580833 0.020000 0.041667
0 0.384875 0.604667 0.022750 0.026667
0 0.393125 0.636333 0.032750 0.039333
0 0.399750 0.694500 0.070500 0.092333
0 0.500875 0.630000 0.062250 0.098667
0 0.560000 0.629333 0.025000 0.036667
0 0.603500 0.537000 0.037500 0.049333
0 0.608000 0.482500 0.036000 0.053667
0 0.585125 0.444333 0.030750 0.046667
0 0.561375 0.448667 0.019250 0.045333
0 0.534875 0.452833 0.020250 0.039667
0 0.507750 0.456000 0.019500 0.038667
0 0.485000 0.444667 0.028000 0.047333
0 0.583000 0.609500 0.026500 0.033667
0 0.601000 0.638167 0.035000 0.054333
0 0.647875 0.592500 0.035250 0.053667
0 0.534875 0.546500 0.103750 0.140333
0 0.570625 0.500500 0.021750 0.031667
