0 0.508875 0.490667 0.025250 0.029333
0 0.524625 0.412500 0.015250 0.025667
0 0.560500 0.405167 0.016000 0.025667
0 0.437000 0.266833 0.011500 0.021000
0 0.444125 0.369500 0.069250 0.079667
0 0.402000 0.454333 0.041500 0.067333
0 0.428750 0.506833 0.016000 0.016333
0 0.331500 0.531667 0.056000 0.075333
0 0.360750 0.590667 0.048000 0.062667
0 0.292250 0.503000 0.011500 0.018000
0 0.298750 0.599333 0.062000 0.082667
0 0.323750 0.654167 0.010000 0.013667
0 0.420375 0.605167 0.023750 0.029667
0 0.587500 0.544500 0.055000 0.059000
0 0.599500 0.465000 0.050000 0.072667
0 0.662375 0.521500 0.066750 0.093000
0 0.593625 0.615667 0.074250 0.079333
0 0.583750 0.685167 0.010000 0.012333
0 0.482750 0.646833 0.013000 0.018333
0 0.498250 0.641333 0.009000 0.016000
0 0.441875 0.737000 0.027250 0.047333
0 0.395750 0.732000 0.058000 0.074667
1 0.466125 0.758167 0.012250 0.017000
1 0.513250 0.753833 0.013500 0.019000
1 0.341500 0.455333 0.007000 0.012667
0 0.491625 0.738333 0.011750 0.017333
0 0.557625 0.732500 0.011250 0.015000
0 0.490500 0.756833 0.011500 0.017000
0 0.584500 0.414667 0.008500 0.014667
0 0.562000 0.430667 0.010000 0.016000
