0 0.529933 0.443532 0.014639 0.022883
0 0.642247 0.374209 0.038363 0.039036
0 0.579654 0.348634 0.061583 0.096917
0 0.503432 0.299165 0.020191 0.026248
0 0.486270 0.272244 0.018172 0.030287
0 0.460526 0.300175 0.023220 0.029614
0 0.353766 0.296137 0.065116 0.075380
0 0.392634 0.264167 0.023725 0.041055
0 0.395915 0.304550 0.019182 0.022210
0 0.439578 0.298492 0.016658 0.018172
0 0.458760 0.275273 0.037858 0.040382
0 0.512266 0.278974 0.032811 0.045094
0 0.540281 0.405842 0.019182 0.030960
0 0.525643 0.417284 0.008076 0.012115
0 0.523119 0.388006 0.028268 0.039709
0 0.481727 0.363104 0.023220 0.030287
0 0.449926 0.348970 0.023220 0.034325
1 0.463807 0.366806 0.010600 0.017499
0 0.434783 0.480886 0.020191 0.023556
0 0.420396 0.428052 0.019686 0.026922
0 0.470117 0.404832 0.025239 0.035671
0 0.510499 0.459348 0.056535 0.067977
0 0.481979 0.542805 0.036849 0.037017
0 0.465574 0.590927 0.023220 0.036344
0 0.450936 0.631310 0.018172 0.030960
0 0.396167 0.605398 0.020696 0.028941
0 0.385819 0.580832 0.021201 0.032306
0 0.379762 0.533383 0.021201 0.032979
0 0.399448 0.505452 0.018172 0.016153
0 0.381024 0.494346 0.021705 0.020864
0 0.355532 0.495020 0.020191 0.031633
0 0.326508 0.494683 0.027763 0.036344
0 0.324993 0.465069 0.016658 0.016153
0 0.328022 0.446561 0.011610 0.015480
0 0.327770 0.403823 0.052497 0.059227
0 0.362852 0.381613 0.043916 0.069996
0 0.392886 0.384641 0.014134 0.022210
0 0.394653 0.407525 0.015648 0.020864
0 0.414591 0.362094 0.052497 0.079418
0 0.384557 0.453628 0.066126 0.080765
0 0.298997 0.530017 0.052497 0.081438
0 0.328274 0.562996 0.016153 0.023556
0 0.374209 0.643761 0.025239 0.035671
0 0.452955 0.707700 0.056535 0.069323
0 0.501666 0.712411 0.025744 0.030287
0 0.508733 0.647463 0.027763 0.032306
0 0.507218 0.583861 0.021705 0.039709
0 0.503937 0.553237 0.019182 0.034998
0 0.487784 0.606744 0.022210 0.031633
0 0.539019 0.578813 0.024734 0.030960
0 0.559211 0.558622 0.019686 0.034998
0 0.582935 0.475501 0.056030 0.078745
0 0.467593 0.231189 0.038363 0.039709
0 0.623065 0.549536 0.078745 0.094898
0 0.566025 0.660587 0.062593 0.096244
0 0.516557 0.690537 0.053507 0.071342
0 0.541543 0.543815 0.061078 0.088841
0 0.627356 0.459348 0.018677 0.028941
0 0.630889 0.420985 0.055021 0.055862
0 0.346446 0.587899 0.069659 0.084130