0 0.366214 0.354749 0.065482 0.088632
0 0.403420 0.365553 0.008929 0.018520
0 0.470224 0.390687 0.020835 0.028221
0 0.530746 0.429932 0.018851 0.030867
0 0.557699 0.389585 0.031749 0.048946
0 0.559187 0.319032 0.018851 0.024253
0 0.577377 0.357836 0.046631 0.075403
0 0.551746 0.457271 0.015874 0.019402
0 0.575558 0.501808 0.029765 0.041450
0 0.528100 0.583164 0.016205 0.020725
0 0.412349 0.527383 0.016867 0.025575
0 0.315945 0.543258 0.019182 0.029985
0 0.365056 0.587133 0.061844 0.086868
0 0.369686 0.699797 0.034725 0.044978
0 0.610118 0.651733 0.026788 0.033513