0 0.566000 0.435000 0.008000 0.011333
0 0.555625 0.416667 0.020750 0.027333
0 0.604125 0.458000 0.062250 0.064667
0 0.588125 0.510167 0.071750 0.074333
0 0.518500 0.520333 0.038500 0.047333
0 0.508625 0.580833 0.061250 0.071000
0 0.553500 0.599000 0.009000 0.014667
0 0.426750 0.608667 0.017000 0.023333
0 0.403750 0.626333 0.009500 0.010000
0 0.458000 0.495500 0.011500 0.009667
0 0.459500 0.451167 0.014000 0.017667
0 0.453000 0.433000 0.011000 0.014000
0 0.475250 0.411667 0.016500 0.023333
0 0.496000 0.434000 0.018000 0.024667
0 0.397875 0.486500 0.078250 0.104333
0 0.426375 0.431500 0.011250 0.021000
0 0.356750 0.468333 0.015500 0.027333
0 0.326875 0.523500 0.011750 0.011000
0 0.366625 0.541667 0.014250 0.018000
0 0.389375 0.402667 0.013250 0.016667
0 0.388125 0.357500 0.014250 0.021667
0 0.374875 0.340333 0.013250 0.018667
0 0.356875 0.366500 0.011250 0.017667
0 0.342125 0.393000 0.012250 0.016667
0 0.353375 0.402833 0.009250 0.011667
0 0.474750 0.297333 0.016000 0.022000
0 0.448625 0.302500 0.021250 0.028333
0 0.394250 0.301167 0.010000 0.017000
0 0.567875 0.360333 0.071750 0.083333
0 0.508875 0.485333 0.007750 0.012667
0 0.495875 0.355833 0.007750 0.011667
0 0.526125 0.389833 0.006250 0.009667
0 0.611375 0.651167 0.026750 0.039667
0 0.546375 0.698667 0.017250 0.024000
0 0.550125 0.739167 0.009250 0.013667
0 0.570125 0.728000 0.008250 0.013333
0 0.478125 0.671667 0.031250 0.073333
0 0.433750 0.676333 0.058500 0.091333
0 0.519375 0.680833 0.046250 0.071667
0 0.477625 0.737833 0.008750 0.011000
