0 0.534496 0.373584 0.031056 0.043235
0 0.472841 0.364450 0.024662 0.038363
0 0.444069 0.358361 0.025575 0.037145
0 0.401595 0.344660 0.021922 0.037754
0 0.364831 0.337352 0.042474 0.073073
0 0.392918 0.401900 0.016441 0.025575
0 0.408446 0.411947 0.031969 0.035927
0 0.344051 0.423213 0.014615 0.026793
0 0.301120 0.407685 0.021008 0.027402
0 0.297238 0.448484 0.039733 0.052978
0 0.329664 0.447875 0.023292 0.031056
0 0.329664 0.512727 0.017811 0.030447
0 0.339255 0.564487 0.022379 0.029229
0 0.341310 0.608330 0.035623 0.045062
0 0.392461 0.471928 0.027402 0.030447
0 0.475353 0.311777 0.026946 0.037754
0 0.593640 0.323956 0.042474 0.062112
0 0.551166 0.423822 0.023292 0.026793
0 0.627207 0.476495 0.028316 0.031056
0 0.624010 0.512118 0.026489 0.031665
0 0.645247 0.570272 0.023292 0.029838
0 0.613278 0.644867 0.053434 0.099866
0 0.569891 0.602545 0.032426 0.043235
0 0.592726 0.530995 0.021465 0.037754
0 0.560300 0.548654 0.036993 0.073073
0 0.542032 0.474668 0.067136 0.078553
0 0.517370 0.524601 0.025119 0.039581
0 0.519882 0.432042 0.018268 0.026184
0 0.503669 0.437523 0.013244 0.024967
0 0.492023 0.456095 0.023749 0.036536
0 0.482432 0.489283 0.021008 0.027402
0 0.500244 0.561746 0.021922 0.038363
0 0.513260 0.576665 0.024205 0.032883
0 0.521480 0.609853 0.021465 0.034710
0 0.490881 0.620814 0.024205 0.035927
0 0.473983 0.677749 0.036080 0.047497
0 0.426714 0.669529 0.028316 0.044453
0 0.387209 0.681099 0.020552 0.032274
0 0.386296 0.565096 0.023292 0.043844
0 0.369169 0.590367 0.028316 0.044453
0 0.355012 0.560833 0.026489 0.036536
0 0.371453 0.521252 0.031969 0.036536
0 0.330350 0.481062 0.048411 0.031665
0 0.316420 0.517598 0.044300 0.035318
0 0.390635 0.502375 0.035623 0.032883
0 0.432423 0.460358 0.023292 0.028011
0 0.459597 0.444526 0.032883 0.047497
0 0.426029 0.518207 0.021465 0.035318
0 0.457998 0.529473 0.063482 0.095603
0 0.455030 0.555657 0.017355 0.026184
0 0.418950 0.579406 0.030142 0.050542
0 0.428769 0.609548 0.026032 0.025575
0 0.393831 0.625076 0.008221 0.010352
0 0.498645 0.272805 0.034253 0.048715
0 0.529473 0.246316 0.027402 0.039581
0 0.535638 0.668615 0.053434 0.098648
0 0.578112 0.664962 0.036993 0.088905