0 0.535347 0.512621 0.031274 0.044479
0 0.466752 0.469810 0.023351 0.034471
0 0.414003 0.440064 0.027938 0.026131
0 0.404620 0.355832 0.017514 0.026687
0 0.452366 0.358056 0.018765 0.030023
0 0.356249 0.392250 0.064217 0.092850
0 0.360836 0.552096 0.070888 0.092294
0 0.429640 0.582119 0.019182 0.020016
0 0.393153 0.658568 0.015429 0.026131
0 0.459872 0.610475 0.019599 0.027799
0 0.457370 0.631880 0.014595 0.017236
0 0.476760 0.599911 0.016680 0.026687
0 0.495316 0.569332 0.020433 0.027799
0 0.622498 0.507339 0.067970 0.106194
0 0.632089 0.599355 0.023768 0.028911
0 0.574336 0.584065 0.019182 0.022796
0 0.564536 0.600745 0.018765 0.026131
0 0.571417 0.642444 0.021684 0.026131
0 0.497401 0.603803 0.015429 0.017792
0 0.613741 0.427277 0.017931 0.020572